date,country,state,region,deaths,newCases,totalCases
07/03/2020,Brazil,DF,Central,0,1,1
08/03/2020,Brazil,DF,Central,0,0,1
09/03/2020,Brazil,DF,Central,0,0,1
10/03/2020,Brazil,DF,Central,0,1,2
11/03/2020,Brazil,DF,Central,0,0,2
12/03/2020,Brazil,DF,Central,0,1,3
13/03/2020,Brazil,DF,Central,0,0,3
14/03/2020,Brazil,DF,Central,0,5,8
15/03/2020,Brazil,DF,Central,0,6,14
16/03/2020,Brazil,DF,Central,0,5,19
17/03/2020,Brazil,DF,Central,0,7,26
18/03/2020,Brazil,DF,Central,0,10,36
19/03/2020,Brazil,DF,Central,0,48,84
20/03/2020,Brazil,DF,Central,0,24,108
21/03/2020,Brazil,DF,Central,0,4,112
22/03/2020,Brazil,DF,Central,0,22,134
23/03/2020,Brazil,DF,Central,0,12,146
24/03/2020,Brazil,DF,Central,0,31,177
25/03/2020,Brazil,DF,Central,0,18,195
26/03/2020,Brazil,DF,Central,0,8,203
27/03/2020,Brazil,DF,Central,0,39,242
28/03/2020,Brazil,DF,Central,0,18,260
29/03/2020,Brazil,DF,Central,1,38,298
12/03/2020,Brazil,GO,Central,0,3,3
13/03/2020,Brazil,GO,Central,0,0,3
14/03/2020,Brazil,GO,Central,0,1,4
15/03/2020,Brazil,GO,Central,0,0,4
16/03/2020,Brazil,GO,Central,0,5,9
17/03/2020,Brazil,GO,Central,0,1,10
18/03/2020,Brazil,GO,Central,0,2,12
19/03/2020,Brazil,GO,Central,0,3,15
20/03/2020,Brazil,GO,Central,0,3,18
21/03/2020,Brazil,GO,Central,0,2,20
22/03/2020,Brazil,GO,Central,0,1,21
23/03/2020,Brazil,GO,Central,0,2,23
24/03/2020,Brazil,GO,Central,0,6,29
25/03/2020,Brazil,GO,Central,0,6,35
26/03/2020,Brazil,GO,Central,1,4,39
27/03/2020,Brazil,GO,Central,1,10,49
28/03/2020,Brazil,GO,Central,1,7,56
29/03/2020,Brazil,GO,Central,1,2,58
14/03/2020,Brazil,MS,Central,0,2,2
15/03/2020,Brazil,MS,Central,0,0,2
16/03/2020,Brazil,MS,Central,0,2,4
17/03/2020,Brazil,MS,Central,0,2,6
18/03/2020,Brazil,MS,Central,0,1,7
19/03/2020,Brazil,MS,Central,0,2,9
20/03/2020,Brazil,MS,Central,0,3,12
21/03/2020,Brazil,MS,Central,0,4,16
22/03/2020,Brazil,MS,Central,0,5,21
23/03/2020,Brazil,MS,Central,0,0,21
24/03/2020,Brazil,MS,Central,0,3,24
25/03/2020,Brazil,MS,Central,0,0,24
26/03/2020,Brazil,MS,Central,0,1,25
27/03/2020,Brazil,MS,Central,0,3,28
28/03/2020,Brazil,MS,Central,0,3,31
29/03/2020,Brazil,MS,Central,0,5,36
20/03/2020,Brazil,MT,Central,0,1,1
21/03/2020,Brazil,MT,Central,0,1,2
22/03/2020,Brazil,MT,Central,0,0,2
23/03/2020,Brazil,MT,Central,0,4,6
24/03/2020,Brazil,MT,Central,0,1,7
25/03/2020,Brazil,MT,Central,0,2,9
26/03/2020,Brazil,MT,Central,0,2,11
27/03/2020,Brazil,MT,Central,0,0,11
28/03/2020,Brazil,MT,Central,0,2,13
29/03/2020,Brazil,MT,Central,0,3,16
17/03/2020,Brazil,AC,North,0,3,3
18/03/2020,Brazil,AC,North,0,0,3
19/03/2020,Brazil,AC,North,0,1,4
20/03/2020,Brazil,AC,North,0,3,7
21/03/2020,Brazil,AC,North,0,4,11
22/03/2020,Brazil,AC,North,0,0,11
23/03/2020,Brazil,AC,North,0,6,17
24/03/2020,Brazil,AC,North,0,4,21
25/03/2020,Brazil,AC,North,0,2,23
26/03/2020,Brazil,AC,North,0,1,24
27/03/2020,Brazil,AC,North,0,1,25
28/03/2020,Brazil,AC,North,0,0,25
29/03/2020,Brazil,AC,North,0,9,34
13/03/2020,Brazil,AM,North,0,1,1
14/03/2020,Brazil,AM,North,0,0,1
15/03/2020,Brazil,AM,North,0,0,1
16/03/2020,Brazil,AM,North,0,0,1
17/03/2020,Brazil,AM,North,0,1,2
18/03/2020,Brazil,AM,North,0,0,2
19/03/2020,Brazil,AM,North,0,1,3
20/03/2020,Brazil,AM,North,0,4,7
21/03/2020,Brazil,AM,North,0,4,11
22/03/2020,Brazil,AM,North,0,15,26
23/03/2020,Brazil,AM,North,0,6,32
24/03/2020,Brazil,AM,North,0,15,47
25/03/2020,Brazil,AM,North,1,7,54
26/03/2020,Brazil,AM,North,1,13,67
27/03/2020,Brazil,AM,North,1,14,81
28/03/2020,Brazil,AM,North,1,30,111
29/03/2020,Brazil,AM,North,1,29,140
20/03/2020,Brazil,AP,North,0,1,1
21/03/2020,Brazil,AP,North,0,0,1
22/03/2020,Brazil,AP,North,0,0,1
23/03/2020,Brazil,AP,North,0,0,1
24/03/2020,Brazil,AP,North,0,0,1
25/03/2020,Brazil,AP,North,0,1,2
26/03/2020,Brazil,AP,North,0,0,2
27/03/2020,Brazil,AP,North,0,1,3
28/03/2020,Brazil,AP,North,0,1,4
29/03/2020,Brazil,AP,North,0,0,4
18/03/2020,Brazil,PA,North,0,1,1
19/03/2020,Brazil,PA,North,0,0,1
20/03/2020,Brazil,PA,North,0,1,2
21/03/2020,Brazil,PA,North,0,0,2
22/03/2020,Brazil,PA,North,0,2,4
23/03/2020,Brazil,PA,North,0,1,5
24/03/2020,Brazil,PA,North,0,0,5
25/03/2020,Brazil,PA,North,0,4,9
26/03/2020,Brazil,PA,North,0,4,13
27/03/2020,Brazil,PA,North,0,3,16
28/03/2020,Brazil,PA,North,0,2,18
29/03/2020,Brazil,PA,North,0,2,20
19/03/2020,Brazil,RO,North,0,1,1
20/03/2020,Brazil,RO,North,0,0,1
21/03/2020,Brazil,RO,North,0,2,3
22/03/2020,Brazil,RO,North,0,0,3
23/03/2020,Brazil,RO,North,0,0,3
24/03/2020,Brazil,RO,North,0,2,5
25/03/2020,Brazil,RO,North,0,0,5
26/03/2020,Brazil,RO,North,0,1,6
27/03/2020,Brazil,RO,North,0,0,6
28/03/2020,Brazil,RO,North,0,0,6
29/03/2020,Brazil,RO,North,0,0,6
21/03/2020,Brazil,RR,North,0,2,2
22/03/2020,Brazil,RR,North,0,0,2
23/03/2020,Brazil,RR,North,0,0,2
24/03/2020,Brazil,RR,North,0,6,8
25/03/2020,Brazil,RR,North,0,0,8
26/03/2020,Brazil,RR,North,0,2,10
27/03/2020,Brazil,RR,North,0,2,12
28/03/2020,Brazil,RR,North,0,0,12
29/03/2020,Brazil,RR,North,0,4,16
18/03/2020,Brazil,TO,North,0,1,1
19/03/2020,Brazil,TO,North,0,0,1
20/03/2020,Brazil,TO,North,0,0,1
21/03/2020,Brazil,TO,North,0,1,2
22/03/2020,Brazil,TO,North,0,3,5
23/03/2020,Brazil,TO,North,0,2,7
24/03/2020,Brazil,TO,North,0,0,7
25/03/2020,Brazil,TO,North,0,0,7
26/03/2020,Brazil,TO,North,0,1,8
27/03/2020,Brazil,TO,North,0,0,8
28/03/2020,Brazil,TO,North,0,1,9
29/03/2020,Brazil,TO,North,0,0,9
08/03/2020,Brazil,AL,Northeast,0,1,1
09/03/2020,Brazil,AL,Northeast,0,0,1
10/03/2020,Brazil,AL,Northeast,0,0,1
11/03/2020,Brazil,AL,Northeast,0,0,1
12/03/2020,Brazil,AL,Northeast,0,0,1
13/03/2020,Brazil,AL,Northeast,0,0,1
14/03/2020,Brazil,AL,Northeast,0,0,1
15/03/2020,Brazil,AL,Northeast,0,0,1
16/03/2020,Brazil,AL,Northeast,0,0,1
17/03/2020,Brazil,AL,Northeast,0,0,1
18/03/2020,Brazil,AL,Northeast,0,0,1
19/03/2020,Brazil,AL,Northeast,0,3,4
20/03/2020,Brazil,AL,Northeast,0,2,6
21/03/2020,Brazil,AL,Northeast,0,1,7
22/03/2020,Brazil,AL,Northeast,0,0,7
23/03/2020,Brazil,AL,Northeast,0,1,8
24/03/2020,Brazil,AL,Northeast,0,2,10
25/03/2020,Brazil,AL,Northeast,0,1,11
26/03/2020,Brazil,AL,Northeast,0,0,11
27/03/2020,Brazil,AL,Northeast,0,0,11
28/03/2020,Brazil,AL,Northeast,0,3,14
29/03/2020,Brazil,AL,Northeast,0,3,17
06/03/2020,Brazil,BA,Northeast,0,1,1
07/03/2020,Brazil,BA,Northeast,0,1,2
08/03/2020,Brazil,BA,Northeast,0,0,2
09/03/2020,Brazil,BA,Northeast,0,0,2
10/03/2020,Brazil,BA,Northeast,0,0,2
11/03/2020,Brazil,BA,Northeast,0,1,3
12/03/2020,Brazil,BA,Northeast,0,0,3
13/03/2020,Brazil,BA,Northeast,0,4,7
14/03/2020,Brazil,BA,Northeast,0,0,7
15/03/2020,Brazil,BA,Northeast,0,2,9
16/03/2020,Brazil,BA,Northeast,0,1,10
17/03/2020,Brazil,BA,Northeast,0,6,16
18/03/2020,Brazil,BA,Northeast,0,11,27
19/03/2020,Brazil,BA,Northeast,0,4,31
20/03/2020,Brazil,BA,Northeast,0,3,34
21/03/2020,Brazil,BA,Northeast,0,7,41
22/03/2020,Brazil,BA,Northeast,0,14,55
23/03/2020,Brazil,BA,Northeast,0,8,63
24/03/2020,Brazil,BA,Northeast,0,16,79
25/03/2020,Brazil,BA,Northeast,0,12,91
26/03/2020,Brazil,BA,Northeast,0,17,108
27/03/2020,Brazil,BA,Northeast,0,14,122
28/03/2020,Brazil,BA,Northeast,0,5,127
29/03/2020,Brazil,BA,Northeast,1,29,156
15/03/2020,Brazil,CE,Northeast,0,3,3
16/03/2020,Brazil,CE,Northeast,0,6,9
17/03/2020,Brazil,CE,Northeast,0,2,11
18/03/2020,Brazil,CE,Northeast,0,9,20
19/03/2020,Brazil,CE,Northeast,0,5,25
20/03/2020,Brazil,CE,Northeast,0,43,68
21/03/2020,Brazil,CE,Northeast,0,16,84
22/03/2020,Brazil,CE,Northeast,0,41,125
23/03/2020,Brazil,CE,Northeast,0,39,164
24/03/2020,Brazil,CE,Northeast,0,21,185
25/03/2020,Brazil,CE,Northeast,0,26,211
26/03/2020,Brazil,CE,Northeast,3,27,238
27/03/2020,Brazil,CE,Northeast,3,44,282
28/03/2020,Brazil,CE,Northeast,4,40,322
29/03/2020,Brazil,CE,Northeast,5,37,359
18/03/2020,Brazil,PB,Northeast,0,1,1
19/03/2020,Brazil,PB,Northeast,0,0,1
20/03/2020,Brazil,PB,Northeast,0,0,1
21/03/2020,Brazil,PB,Northeast,0,0,1
22/03/2020,Brazil,PB,Northeast,0,0,1
23/03/2020,Brazil,PB,Northeast,0,1,2
24/03/2020,Brazil,PB,Northeast,0,1,3
25/03/2020,Brazil,PB,Northeast,0,2,5
26/03/2020,Brazil,PB,Northeast,0,1,6
27/03/2020,Brazil,PB,Northeast,0,3,9
28/03/2020,Brazil,PB,Northeast,0,5,14
29/03/2020,Brazil,PB,Northeast,0,0,14
12/03/2020,Brazil,PE,Northeast,0,2,2
13/03/2020,Brazil,PE,Northeast,0,0,2
14/03/2020,Brazil,PE,Northeast,0,5,7
15/03/2020,Brazil,PE,Northeast,0,1,8
16/03/2020,Brazil,PE,Northeast,0,10,18
17/03/2020,Brazil,PE,Northeast,0,1,19
18/03/2020,Brazil,PE,Northeast,0,3,22
19/03/2020,Brazil,PE,Northeast,0,6,28
20/03/2020,Brazil,PE,Northeast,0,3,31
21/03/2020,Brazil,PE,Northeast,0,2,33
22/03/2020,Brazil,PE,Northeast,0,4,37
23/03/2020,Brazil,PE,Northeast,0,5,42
24/03/2020,Brazil,PE,Northeast,0,0,42
25/03/2020,Brazil,PE,Northeast,1,4,46
26/03/2020,Brazil,PE,Northeast,3,2,48
27/03/2020,Brazil,PE,Northeast,4,9,57
28/03/2020,Brazil,PE,Northeast,5,11,68
29/03/2020,Brazil,PE,Northeast,5,5,73
19/03/2020,Brazil,PI,Northeast,0,3,3
20/03/2020,Brazil,PI,Northeast,0,1,4
21/03/2020,Brazil,PI,Northeast,0,0,4
22/03/2020,Brazil,PI,Northeast,0,2,6
23/03/2020,Brazil,PI,Northeast,0,0,6
24/03/2020,Brazil,PI,Northeast,0,2,8
25/03/2020,Brazil,PI,Northeast,0,0,8
26/03/2020,Brazil,PI,Northeast,0,1,9
27/03/2020,Brazil,PI,Northeast,0,0,9
28/03/2020,Brazil,PI,Northeast,1,2,11
29/03/2020,Brazil,PI,Northeast,1,3,14
12/03/2020,Brazil,RN,Northeast,0,1,1
13/03/2020,Brazil,RN,Northeast,0,0,1
14/03/2020,Brazil,RN,Northeast,0,0,1
15/03/2020,Brazil,RN,Northeast,0,0,1
16/03/2020,Brazil,RN,Northeast,0,0,1
17/03/2020,Brazil,RN,Northeast,0,0,1
18/03/2020,Brazil,RN,Northeast,0,0,1
19/03/2020,Brazil,RN,Northeast,0,0,1
20/03/2020,Brazil,RN,Northeast,0,5,6
21/03/2020,Brazil,RN,Northeast,0,3,9
22/03/2020,Brazil,RN,Northeast,0,4,13
23/03/2020,Brazil,RN,Northeast,0,0,13
24/03/2020,Brazil,RN,Northeast,0,1,14
25/03/2020,Brazil,RN,Northeast,0,0,14
26/03/2020,Brazil,RN,Northeast,0,5,19
27/03/2020,Brazil,RN,Northeast,0,9,28
28/03/2020,Brazil,RN,Northeast,0,17,45
29/03/2020,Brazil,RN,Northeast,1,23,68
14/03/2020,Brazil,SE,Northeast,0,1,1
15/03/2020,Brazil,SE,Northeast,0,0,1
16/03/2020,Brazil,SE,Northeast,0,4,5
17/03/2020,Brazil,SE,Northeast,0,0,5
18/03/2020,Brazil,SE,Northeast,0,1,6
19/03/2020,Brazil,SE,Northeast,0,0,6
20/03/2020,Brazil,SE,Northeast,0,1,7
21/03/2020,Brazil,SE,Northeast,0,3,10
22/03/2020,Brazil,SE,Northeast,0,0,10
23/03/2020,Brazil,SE,Northeast,0,0,10
24/03/2020,Brazil,SE,Northeast,0,5,15
25/03/2020,Brazil,SE,Northeast,0,1,16
26/03/2020,Brazil,SE,Northeast,0,0,16
27/03/2020,Brazil,SE,Northeast,0,0,16
28/03/2020,Brazil,SE,Northeast,0,0,16
29/03/2020,Brazil,SE,Northeast,0,0,16
20/03/2020,Brazil,MA,Northeat,0,1,1
21/03/2020,Brazil,MA,Northeat,0,1,2
22/03/2020,Brazil,MA,Northeat,0,0,2
23/03/2020,Brazil,MA,Northeat,0,6,8
24/03/2020,Brazil,MA,Northeat,0,0,8
25/03/2020,Brazil,MA,Northeat,0,0,8
26/03/2020,Brazil,MA,Northeat,0,2,10
27/03/2020,Brazil,MA,Northeat,0,4,14
28/03/2020,Brazil,MA,Northeat,0,8,22
29/03/2020,Brazil,MA,Northeat,0,0,22
12/03/2020,Brazil,PR,South,0,6,6
13/03/2020,Brazil,PR,South,0,0,6
14/03/2020,Brazil,PR,South,0,0,6
15/03/2020,Brazil,PR,South,0,0,6
16/03/2020,Brazil,PR,South,0,2,8
17/03/2020,Brazil,PR,South,0,4,12
18/03/2020,Brazil,PR,South,0,2,14
19/03/2020,Brazil,PR,South,0,9,23
20/03/2020,Brazil,PR,South,0,13,36
21/03/2020,Brazil,PR,South,0,7,43
22/03/2020,Brazil,PR,South,0,11,54
23/03/2020,Brazil,PR,South,0,6,60
24/03/2020,Brazil,PR,South,0,9,69
25/03/2020,Brazil,PR,South,0,28,97
26/03/2020,Brazil,PR,South,0,9,106
27/03/2020,Brazil,PR,South,2,19,125
28/03/2020,Brazil,PR,South,2,12,137
29/03/2020,Brazil,PR,South,2,15,152
10/03/2020,Brazil,RS,South,0,1,1
11/03/2020,Brazil,RS,South,0,1,2
12/03/2020,Brazil,RS,South,0,2,4
13/03/2020,Brazil,RS,South,0,2,6
14/03/2020,Brazil,RS,South,0,1,7
15/03/2020,Brazil,RS,South,0,0,7
16/03/2020,Brazil,RS,South,0,4,11
17/03/2020,Brazil,RS,South,0,8,19
18/03/2020,Brazil,RS,South,0,9,28
19/03/2020,Brazil,RS,South,0,9,37
20/03/2020,Brazil,RS,South,0,23,60
21/03/2020,Brazil,RS,South,0,12,72
22/03/2020,Brazil,RS,South,0,13,85
23/03/2020,Brazil,RS,South,0,11,96
24/03/2020,Brazil,RS,South,0,17,113
25/03/2020,Brazil,RS,South,1,49,162
26/03/2020,Brazil,RS,South,1,28,190
27/03/2020,Brazil,RS,South,2,7,197
28/03/2020,Brazil,RS,South,2,3,200
29/03/2020,Brazil,RS,South,2,39,239
12/03/2020,Brazil,SC,South,0,2,2
13/03/2020,Brazil,SC,South,0,1,3
14/03/2020,Brazil,SC,South,0,2,5
15/03/2020,Brazil,SC,South,0,1,6
16/03/2020,Brazil,SC,South,0,1,7
17/03/2020,Brazil,SC,South,0,0,7
18/03/2020,Brazil,SC,South,0,8,15
19/03/2020,Brazil,SC,South,0,7,22
20/03/2020,Brazil,SC,South,0,19,41
21/03/2020,Brazil,SC,South,0,17,58
22/03/2020,Brazil,SC,South,0,11,69
23/03/2020,Brazil,SC,South,0,18,87
24/03/2020,Brazil,SC,South,0,23,110
25/03/2020,Brazil,SC,South,0,12,122
26/03/2020,Brazil,SC,South,1,27,149
27/03/2020,Brazil,SC,South,1,14,163
28/03/2020,Brazil,SC,South,1,21,184
29/03/2020,Brazil,SC,South,1,13,197
05/03/2020,Brazil,ES,Southeast,0,1,1
06/03/2020,Brazil,ES,Southeast,0,0,1
07/03/2020,Brazil,ES,Southeast,0,0,1
08/03/2020,Brazil,ES,Southeast,0,0,1
09/03/2020,Brazil,ES,Southeast,0,0,1
10/03/2020,Brazil,ES,Southeast,0,0,1
11/03/2020,Brazil,ES,Southeast,0,0,1
12/03/2020,Brazil,ES,Southeast,0,1,2
13/03/2020,Brazil,ES,Southeast,0,0,2
14/03/2020,Brazil,ES,Southeast,0,2,4
15/03/2020,Brazil,ES,Southeast,0,0,4
16/03/2020,Brazil,ES,Southeast,0,4,8
17/03/2020,Brazil,ES,Southeast,0,0,8
18/03/2020,Brazil,ES,Southeast,0,3,11
19/03/2020,Brazil,ES,Southeast,0,2,13
20/03/2020,Brazil,ES,Southeast,0,3,16
21/03/2020,Brazil,ES,Southeast,0,10,26
22/03/2020,Brazil,ES,Southeast,0,0,26
23/03/2020,Brazil,ES,Southeast,0,7,33
24/03/2020,Brazil,ES,Southeast,0,7,40
25/03/2020,Brazil,ES,Southeast,0,0,40
26/03/2020,Brazil,ES,Southeast,0,8,48
27/03/2020,Brazil,ES,Southeast,0,6,54
28/03/2020,Brazil,ES,Southeast,0,7,61
29/03/2020,Brazil,ES,Southeast,0,11,72
08/03/2020,Brazil,MG,Southeast,0,1,1
09/03/2020,Brazil,MG,Southeast,0,0,1
10/03/2020,Brazil,MG,Southeast,0,0,1
11/03/2020,Brazil,MG,Southeast,0,0,1
12/03/2020,Brazil,MG,Southeast,0,1,2
13/03/2020,Brazil,MG,Southeast,0,0,2
14/03/2020,Brazil,MG,Southeast,0,2,4
15/03/2020,Brazil,MG,Southeast,0,0,4
16/03/2020,Brazil,MG,Southeast,0,3,7
17/03/2020,Brazil,MG,Southeast,0,7,14
18/03/2020,Brazil,MG,Southeast,0,6,20
19/03/2020,Brazil,MG,Southeast,0,9,29
20/03/2020,Brazil,MG,Southeast,0,9,38
21/03/2020,Brazil,MG,Southeast,0,17,55
22/03/2020,Brazil,MG,Southeast,0,28,83
23/03/2020,Brazil,MG,Southeast,0,45,128
24/03/2020,Brazil,MG,Southeast,0,2,130
25/03/2020,Brazil,MG,Southeast,0,3,133
26/03/2020,Brazil,MG,Southeast,0,15,148
27/03/2020,Brazil,MG,Southeast,0,41,189
28/03/2020,Brazil,MG,Southeast,0,16,205
29/03/2020,Brazil,MG,Southeast,0,26,231
05/03/2020,Brazil,RJ,Southeast,0,1,1
06/03/2020,Brazil,RJ,Southeast,0,0,1
07/03/2020,Brazil,RJ,Southeast,0,1,2
08/03/2020,Brazil,RJ,Southeast,0,1,3
09/03/2020,Brazil,RJ,Southeast,0,5,8
10/03/2020,Brazil,RJ,Southeast,0,0,8
11/03/2020,Brazil,RJ,Southeast,0,6,14
12/03/2020,Brazil,RJ,Southeast,0,2,16
13/03/2020,Brazil,RJ,Southeast,0,3,19
14/03/2020,Brazil,RJ,Southeast,0,5,24
15/03/2020,Brazil,RJ,Southeast,0,0,24
16/03/2020,Brazil,RJ,Southeast,0,7,31
17/03/2020,Brazil,RJ,Southeast,0,8,39
18/03/2020,Brazil,RJ,Southeast,0,24,63
19/03/2020,Brazil,RJ,Southeast,2,3,66
20/03/2020,Brazil,RJ,Southeast,2,43,109
21/03/2020,Brazil,RJ,Southeast,3,10,119
22/03/2020,Brazil,RJ,Southeast,3,67,186
23/03/2020,Brazil,RJ,Southeast,4,45,231
24/03/2020,Brazil,RJ,Southeast,6,72,303
25/03/2020,Brazil,RJ,Southeast,6,67,370
26/03/2020,Brazil,RJ,Southeast,9,51,421
27/03/2020,Brazil,RJ,Southeast,10,72,493
28/03/2020,Brazil,RJ,Southeast,13,65,558
29/03/2020,Brazil,RJ,Southeast,17,42,600
25/02/2020,Brazil,SP,Southeast,0,1,1
29/02/2020,Brazil,SP,Southeast,0,1,2
04/03/2020,Brazil,SP,Southeast,0,1,3
05/03/2020,Brazil,SP,Southeast,0,3,6
06/03/2020,Brazil,SP,Southeast,0,4,10
07/03/2020,Brazil,SP,Southeast,0,3,13
08/03/2020,Brazil,SP,Southeast,0,3,16
09/03/2020,Brazil,SP,Southeast,0,0,16
10/03/2020,Brazil,SP,Southeast,0,3,19
11/03/2020,Brazil,SP,Southeast,0,26,45
12/03/2020,Brazil,SP,Southeast,0,19,64
13/03/2020,Brazil,SP,Southeast,0,0,64
14/03/2020,Brazil,SP,Southeast,0,1,65
15/03/2020,Brazil,SP,Southeast,0,71,136
16/03/2020,Brazil,SP,Southeast,0,16,152
17/03/2020,Brazil,SP,Southeast,1,12,164
18/03/2020,Brazil,SP,Southeast,4,80,244
19/03/2020,Brazil,SP,Southeast,4,43,287
20/03/2020,Brazil,SP,Southeast,9,109,396
21/03/2020,Brazil,SP,Southeast,15,63,459
22/03/2020,Brazil,SP,Southeast,22,172,631
23/03/2020,Brazil,SP,Southeast,30,114,745
24/03/2020,Brazil,SP,Southeast,40,65,810
25/03/2020,Brazil,SP,Southeast,48,52,862
26/03/2020,Brazil,SP,Southeast,58,190,1052
27/03/2020,Brazil,SP,Southeast,68,171,1223
28/03/2020,Brazil,SP,Southeast,84,183,1406
29/03/2020,Brazil,SP,Southeast,98,45,1451
25/02/2020,Brazil,TOTAL,TOTAL,0,1,1
29/02/2020,Brazil,TOTAL,TOTAL,0,1,2
04/03/2020,Brazil,TOTAL,TOTAL,0,1,3
05/03/2020,Brazil,TOTAL,TOTAL,0,5,8
06/03/2020,Brazil,TOTAL,TOTAL,0,5,13
07/03/2020,Brazil,TOTAL,TOTAL,0,6,19
08/03/2020,Brazil,TOTAL,TOTAL,0,6,25
09/03/2020,Brazil,TOTAL,TOTAL,0,5,30
10/03/2020,Brazil,TOTAL,TOTAL,0,5,35
11/03/2020,Brazil,TOTAL,TOTAL,0,34,69
12/03/2020,Brazil,TOTAL,TOTAL,0,40,109
13/03/2020,Brazil,TOTAL,TOTAL,0,11,120
14/03/2020,Brazil,TOTAL,TOTAL,0,27,147
15/03/2020,Brazil,TOTAL,TOTAL,0,84,231
16/03/2020,Brazil,TOTAL,TOTAL,0,70,301
17/03/2020,Brazil,TOTAL,TOTAL,1,62,363
18/03/2020,Brazil,TOTAL,TOTAL,4,172,535
19/03/2020,Brazil,TOTAL,TOTAL,6,159,694
20/03/2020,Brazil,TOTAL,TOTAL,11,318,1012
21/03/2020,Brazil,TOTAL,TOTAL,18,193,1205
22/03/2020,Brazil,TOTAL,TOTAL,25,415,1620
23/03/2020,Brazil,TOTAL,TOTAL,34,339,1959
24/03/2020,Brazil,TOTAL,TOTAL,46,311,2270
25/03/2020,Brazil,TOTAL,TOTAL,57,297,2567
26/03/2020,Brazil,TOTAL,TOTAL,77,420,2987
27/03/2020,Brazil,TOTAL,TOTAL,92,486,3473
28/03/2020,Brazil,TOTAL,TOTAL,114,462,3935
29/03/2020,Brazil,TOTAL,TOTAL,136,383,4318
